$ 1 0.000005 1.500424758475255 50 5 50 5e-11
150 320 592 432 592 0 2 0 5
150 320 688 432 688 0 2 5 5
152 464 640 576 640 0 2 5 5
154 144 432 272 432 0 2 0 5
154 320 480 464 480 0 2 5 5
w 80 496 208 496 0
L 80 496 32 496 2 1 false 5 0
L 128 416 64 416 2 1 false 5 0
L 112 448 64 448 2 1 false 5 0
w 320 608 208 608 0
w 208 608 208 496 0
w 208 496 320 496 0
w 272 432 272 576 0
w 272 576 320 576 0
w 128 416 128 672 0
w 320 672 128 672 0
w 112 448 112 704 0
w 320 704 112 704 0
w 112 448 144 448 0
w 432 592 464 624 0
w 432 688 464 656 0
w 128 416 144 416 0
w 272 432 320 432 0
w 320 464 320 432 0
M 464 480 512 480 2 2.5
M 576 640 624 640 2 2.5
