$ 0 0.000005 10.20027730826997 50 5 50 5e-11
f 192 128 256 128 5 1.5 0.02
f 192 224 256 224 4 1.5 0.02
w 256 144 256 176 0
w 256 176 256 208 0
w 192 128 192 176 0
w 192 176 192 224 0
f 336 112 336 176 5 1.5 0.02
f 336 240 336 176 4 1.5 0.02
w 256 240 336 240 0
w 256 112 336 112 0
w 192 176 144 176 0
w 144 176 144 272 0
w 144 272 384 272 0
w 384 272 384 176 0
w 336 112 336 80 0
w 336 80 144 80 0
L 144 80 64 80 0 1 false 5 0
L 144 176 64 176 0 0 false 5 0
w 336 240 432 240 0
I 432 80 432 240 0 0.5 5
w 336 80 432 80 0
w 256 176 288 176 0
w 288 176 320 176 0
w 288 176 288 304 0
w 352 176 384 176 0
x 679 361 727 364 4 20 output
w 832 176 864 176 0
M 768 304 768 352 0 2.5
w 768 176 768 304 0
w 768 176 800 176 0
w 736 176 768 176 0
w 816 80 912 80 0
I 912 80 912 240 0 0.5 5
w 816 240 912 240 0
L 624 176 544 176 0 0 false 5 0
w 816 80 624 80 0
w 816 112 816 80 0
w 864 272 864 176 0
w 624 272 864 272 0
w 624 176 624 272 0
w 672 176 624 176 0
w 736 112 816 112 0
w 736 240 816 240 0
f 816 240 816 176 4 1.5 0.02
f 816 112 816 176 5 1.5 0.02
w 672 176 672 224 0
w 672 128 672 176 0
w 736 176 736 208 0
w 736 144 736 176 0
f 672 224 736 224 4 1.5 0.02
f 672 128 736 128 5 1.5 0.02
w 288 304 496 304 0
w 496 304 496 80 0
w 496 80 624 80 0
